0 66.35179901123047 94.10472869873047 0.3314009010791779 -0.04257424175739288 0.9948849104859335 1.0
0 81.51765441894531 174.9385223388672 2.6921398639678955 -0.06743825972080231 0.9718670076726342 0.8648648648648649
0 116.16437530517578 173.66880798339844 2.6966004371643066 -0.05123021453619003 0.979539641943734 0.47297297297297297
0 149.33969116210938 40.99620819091797 6.11205387512316 -0.0203653946518898 0.9923273657289002 0.8108108108108109
0 217.59532165527344 108.548095703125 1.5837292671203613 -0.059808894991874695 0.9309462915601023 0.8108108108108109
0 158.99668884277344 184.8220672607422 1.4711326360702517 -0.031034868210554123 0.9181585677749361 0.7162162162162162
0 139.18153381347656 118.2651138305664 0.5974416136741638 -0.013176854699850082 0.979539641943734 0.8513513513513513
0 58.04505157470703 136.69549560546875 1.7840427160263062 -0.057316530495882034 0.9820971867007673 0.7567567567567568
0 41.96261978149414 135.98394775390625 1.7934890985488892 -0.0036320278886705637 0.948849104859335 0.7972972972972973
0 99.34192657470703 134.36544799804688 0.7273792624473572 -0.05832638591527939 0.948849104859335 0.7837837837837838
0 131.2763671875 139.03079223632812 3.9611318747149866 0.1958671361207962 1.0 0.8918918918918919
