0 92.16243743896484 184.5153045654297 1.7513915300369263 -0.00901516992598772 0.9698492462311558 0.8611111111111112
0 156.69557189941406 61.03799057006836 0.891727089881897 -0.045858245342969894 0.9422110552763819 0.8333333333333334
0 81.36285400390625 139.6949920654297 3.04646897315979 -0.015958169475197792 0.8291457286432161 0.8055555555555556
0 37.17699432373047 174.4251708984375 1.6289247274398804 -0.0665186271071434 0.9422110552763819 0.8055555555555556
0 204.71844482421875 180.51406860351562 1.9650442600250246 -0.005816690623760223 0.8618090452261307 0.5972222222222222
0 138.8912353515625 98.76471710205078 1.100019931793213 -0.07297994196414948 0.8341708542713567 0.4861111111111111
0 189.2526092529297 36.02000045776367 0.05656185746192932 -0.008584852330386639 0.9246231155778895 0.7777777777777778
0 129.6234893798828 159.83168029785156 5.527462963257925 -0.010248611681163311 0.9748743718592965 0.8055555555555556
0 77.34332275390625 182.62515258789062 1.7826915979385376 -0.01733539253473282 0.907035175879397 0.7638888888888888
0 206.27774047851562 139.9613494873047 5.11374003091921 -3.127748727798462 0.8919597989949749 0.8194444444444444
0 130.5379638671875 56.60509490966797 0.7498668432235718 -0.014639080502092838 0.9597989949748744 1.0
0 41.72697830200195 102.5524673461914 1.391705870628357 -0.021404139697551727 0.8517587939698492 0.5972222222222222
0 114.22686767578125 109.46312713623047 2.660534143447876 0.23399819433689117 1.0 0.9722222222222222
0 54.95073318481445 183.86514282226562 1.8254922628402712 -0.07119882851839066 0.8442211055276382 0.4444444444444444
0 60.76243591308594 148.96969604492188 1.2275063991546633 0.027457257732748985 0.9472361809045227 0.8194444444444444
0 75.74715423583984 60.441402435302734 6.009015444909232 -3.1043622493743896 0.9597989949748744 0.8333333333333334
0 101.59258270263672 93.31363677978516 5.561862293873922 -0.22352465987205505 0.9597989949748744 0.9027777777777778
0 187.00253295898438 145.6212921142578 5.328879300748007 -0.17725135385990143 0.9396984924623115 0.8333333333333334
0 220.5389404296875 176.19577026367188 1.6442525386810303 0.22320741415023804 0.9849246231155779 0.9305555555555556
0 175.19203186035156 134.82952880859375 2.3235414028167725 -0.07055778056383133 0.9447236180904522 0.7777777777777778
0 190.7974853515625 99.64246368408203 5.69617605606188 -0.0684252604842186 0.9522613065326633 0.8194444444444444
0 149.64073181152344 213.41574096679688 6.276864065566109 -0.05114832893013954 0.9170854271356784 0.7777777777777778
