0 36.17204666137695 79.24347686767578 1.4989784955978394 -0.05049590393900871 0.91 0.8243243243243243
0 117.99141693115234 118.39055633544922 6.214098375533716 -0.06922706961631775 0.7275 0.7297297297297297
0 58.68513107299805 193.4622039794922 0.7091693282127381 -0.006638247054070234 0.545 0.35135135135135137
0 189.86746215820312 136.46133422851562 0.1270778328180313 -0.06754730641841888 0.87 0.7972972972972973
0 127.05690002441406 168.1854248046875 0.05060508102178574 -0.0038365693762898445 0.925 0.7432432432432432
0 77.05809020996094 183.3941192626953 3.655889097844259 -0.07306473702192307 0.5775 0.5540540540540541
0 84.25215911865234 61.96950149536133 2.0749354362487793 -0.024023257195949554 0.9325 0.8648648648648649
0 106.44261169433594 211.7228240966797 3.297201935444967 -0.21204398572444916 0.9525 0.972972972972973
0 48.88439178466797 123.23959350585938 2.00014591217041 -0.008320553228259087 0.94 0.8243243243243243
0 54.033447265625 67.81270599365234 1.7386775016784668 -0.1496635228395462 0.9825 0.8918918918918919
0 218.24490356445312 77.27204132080078 1.6313945055007935 -0.06300638616085052 0.93 0.7837837837837838
0 77.175537109375 142.7908172607422 1.307791829109192 0.09669769555330276 0.96 0.7567567567567568
0 23.952939987182617 24.330047607421875 0.20230796933174133 1.0112076997756958 0.945 0.972972972972973
0 117.48912048339844 134.0670623779297 5.533520642911093 2.8008038997650146 0.9675 0.9594594594594594
0 176.5184326171875 55.15496826171875 6.0991162846433085 -0.004121959675103426 0.9475 0.8378378378378378
0 92.62001037597656 80.49302673339844 5.113296810780661 -0.01124637108296156 0.9675 0.8108108108108109
0 154.62091064453125 42.61367416381836 6.142654795442716 -0.04574551433324814 0.945 0.7432432432432432
0 174.8139190673828 184.68231201171875 1.3084403276443481 0.03878309205174446 0.8225 0.5135135135135135
0 167.41259765625 98.02935028076172 4.060944382344381 -0.004290551878511906 0.9675 0.8108108108108109
0 117.91389465332031 192.0657501220703 0.4043717384338379 0.1661563515663147 0.98 0.8918918918918919
0 192.88284301757812 158.00283813476562 0.6396622061729431 0.16249604523181915 1.0 1.0
0 58.57218933105469 182.60433959960938 0.5496918559074402 -0.12410170584917068 0.9375 0.9324324324324325
0 192.2188720703125 215.70152282714844 6.277488764152871 0.3487996459007263 0.98 1.0
